[points]
# x     y     z     r    g    b     nx    ny    nz     u     v

# Bottom face (z = -0.5, normal = 0,0,-1)
-0.5 -0.5 -0.5   1.0 0.0 0.0   0.0 0.0 -1.0   0.0 0.0
+0.5 -0.5 -0.5   0.0 1.0 0.0   0.0 0.0 -1.0   1.0 0.0
+0.5 +0.5 -0.5   0.0 0.0 1.0   0.0 0.0 -1.0   1.0 1.0
-0.5 +0.5 -0.5   1.0 1.0 0.0   0.0 0.0 -1.0   0.0 1.0

# Top face (z = +0.5, normal = 0,0,1)
-0.5 -0.5 +0.5   1.0 0.0 1.0   0.0 0.0 1.0    0.0 0.0
+0.5 -0.5 +0.5   0.0 1.0 1.0   0.0 0.0 1.0    1.0 0.0
+0.5 +0.5 +0.5   1.0 1.0 1.0   0.0 0.0 1.0    1.0 1.0
-0.5 +0.5 +0.5   0.0 0.0 0.0   0.0 0.0 1.0    0.0 1.0

# Front face (y = -0.5, normal = 0,-1,0)
-0.5 -0.5 -0.5   1.0 0.0 0.0   0.0 -1.0 0.0   0.0 0.0
+0.5 -0.5 -0.5   0.0 1.0 0.0   0.0 -1.0 0.0   1.0 0.0
+0.5 -0.5 +0.5   0.0 1.0 1.0   0.0 -1.0 0.0   1.0 1.0
-0.5 -0.5 +0.5   1.0 0.0 1.0   0.0 -1.0 0.0   0.0 1.0

# Back face (y = +0.5, normal = 0,1,0)
-0.5 +0.5 -0.5   1.0 1.0 0.0   0.0 1.0 0.0    0.0 0.0
+0.5 +0.5 -0.5   0.0 0.0 1.0   0.0 1.0 0.0    1.0 0.0
+0.5 +0.5 +0.5   1.0 1.0 1.0   0.0 1.0 0.0    1.0 1.0
-0.5 +0.5 +0.5   0.0 0.0 0.0   0.0 1.0 0.0    0.0 1.0

# Right face (x = +0.5, normal = 1,0,0)
+0.5 -0.5 -0.5   0.0 1.0 0.0   1.0 0.0 0.0    0.0 0.0
+0.5 +0.5 -0.5   0.0 0.0 1.0   1.0 0.0 0.0    1.0 0.0
+0.5 +0.5 +0.5   1.0 1.0 1.0   1.0 0.0 0.0    1.0 1.0
+0.5 -0.5 +0.5   0.0 1.0 1.0   1.0 0.0 0.0    0.0 1.0

# Left face (x = -0.5, normal = -1,0,0)
-0.5 -0.5 -0.5   1.0 0.0 0.0  -1.0 0.0 0.0    0.0 0.0
-0.5 +0.5 -0.5   1.0 1.0 0.0  -1.0 0.0 0.0    1.0 0.0
-0.5 +0.5 +0.5   0.0 0.0 0.0  -1.0 0.0 0.0    1.0 1.0
-0.5 -0.5 +0.5   1.0 0.0 1.0  -1.0 0.0 0.0    0.0 1.0

[indices]
# Bottom face
0 1 2
0 2 3

# Top face
4 5 6
4 6 7

# Front face
8 9 10
8 10 11

# Back face
12 13 14
12 14 15

# Right face
16 17 18
16 18 19

# Left face
20 21 22
20 22 23
